%%BoundingBox: 48 18 797 578
%%HiResBoundingBox: 48.427381 18.009281 796.625976 577.009037
%%BoundingBox: 48 18 794 578
%%HiResBoundingBox: 48.427381 18.009281 793.645359 577.009037
%%BoundingBox: 48 18 794 578
%%HiResBoundingBox: 48.427381 18.009281 793.645359 577.009037
%%BoundingBox: 48 18 794 578
%%HiResBoundingBox: 48.427381 18.009281 793.645359 577.009037
%%BoundingBox: 48 18 794 578
%%HiResBoundingBox: 48.427381 18.009281 793.645359 577.009037
%%BoundingBox: 48 18 794 578
%%HiResBoundingBox: 48.427381 18.009281 793.645359 577.009037
%%BoundingBox: 48 18 794 578
%%HiResBoundingBox: 48.427381 18.009281 793.645359 577.009037
%%BoundingBox: 48 18 794 578
%%HiResBoundingBox: 48.427381 18.009281 793.645359 577.009037
%%BoundingBox: 48 18 794 578
%%HiResBoundingBox: 48.427381 18.009281 793.645359 577.009037
%%BoundingBox: 48 18 794 578
%%HiResBoundingBox: 48.427381 18.009281 793.645359 577.009037
%%BoundingBox: 48 18 794 578
%%HiResBoundingBox: 48.427381 18.009281 793.645359 577.009037
%%BoundingBox: 48 18 794 578
%%HiResBoundingBox: 48.427381 18.009281 793.645359 577.009037
%%BoundingBox: 48 18 794 578
%%HiResBoundingBox: 48.427381 18.009281 793.645359 577.009037
%%BoundingBox: 48 18 794 578
%%HiResBoundingBox: 48.427381 18.009281 793.645359 577.009037
%%BoundingBox: 48 18 794 578
%%HiResBoundingBox: 48.427381 18.009281 793.645359 577.009037
%%BoundingBox: 48 18 794 578
%%HiResBoundingBox: 48.427381 18.009281 793.645359 577.009037
%%BoundingBox: 48 18 794 578
%%HiResBoundingBox: 48.427381 18.009281 793.645359 577.009037
%%BoundingBox: 48 18 794 578
%%HiResBoundingBox: 48.427381 18.009281 793.645359 577.009037
%%BoundingBox: 48 18 794 578
%%HiResBoundingBox: 48.427381 18.009281 793.645359 577.009037
%%BoundingBox: 48 18 794 578
%%HiResBoundingBox: 48.427381 18.009281 793.645359 577.009037
%%BoundingBox: 48 18 794 578
%%HiResBoundingBox: 48.427381 18.009281 793.645359 577.009037
%%BoundingBox: 48 18 794 578
%%HiResBoundingBox: 48.427381 18.009281 793.645359 577.009037
%%BoundingBox: 48 18 794 578
%%HiResBoundingBox: 48.427381 18.009281 793.645359 577.009037
